Cycle 1
========

Phases:

Base (8 units)
6.1, 8.1, 10.1, 12.1,
9.2, 12.3, 18.3, 27.3,


Power (14 units)
14.1, 17.1, 19.1, 21.1,
22.1, 24.1, 25.1, 27.1,
29.1, 31.1, 2.2, 5.2,
7.2,  14.2, 


Power Endurance (13 units)
24.2, 27.2, 1.3, 6.3,
8.3, 10.3, 14.3, 16.3,
19.3, 21.3, 23.3, 25.3,
29.3, 


Project Days (10 units)
16.2, 20.2, 31.3, 2.4,
4.4, 6.4, 8.4, 10.4,
12.4, 14.4, 


4x4 (7 units)
24.2, 27.2, 6.3, 10.3,
21.3, 23.3, 29.3, 


Hangboard (14 units)
21.1, 27.1, 2.2, 5.2,
11.2, 18.2, 1.3, 8.3,
14.3, 16.3, 19.3, 23.3,
8.4, 


ARC (5 units)
6.4, 7.4, 10.4, 12.4, 

